0,667
10,36
71,3
10,32
71,1
71,0
19,10
19,9
19,8
19,7
19,6
19,5
19,2
20,2
19,1
20,1
13,130
20,5
13,71
14,2
13,70
21,7
21,6
13,64
13,61
21,2
21,1
13,59
13,58
21,5
13,57
13,52
15,2
13,51
13,49
17,2
13,47
13,46
18,2
13,42
13,41
13,44
13,40
13,38
13,36
13,55
13,33
13,31
13,37
13,30
13,29
13,129
13,26
13,73
13,24
13,48
13,22
13,19
13,56
13,18
13,27
13,16
13,69
13,14
13,45
13,13
13,53
13,12
13,2
10,35
16,6
10,29
16,8
10,25
16,1
10,24
16,7
10,21
16,2
10,20
16,5
10,19
10,18
10,17
10,16
10,15
10,13
10,12
10,2
8,7
8,6
8,5
8,2
8,1
6,6
6,2
5,6
6,1
5,5
5,2
6,5
5,1
0,668
0,664
13,43
10,11
0,607
13,21
0,606
13,9
0,605
13,10
0,604
10,38
10,5
0,603
10,10
13,74
0,602
10,9
10,8
0,601
0,600
2,2
0,411
13,25
10,7
2,1
14,8
0,318
13,62
10,1
2,5
13,8
10,6
13,63
13,7
14,9
13,60
14,5
13,1
14,7
17,5
14,1
15,8
17,8
13,75
14,6
17,7
13,5
15,9
13,6
28,10
15,5
17,1
28,9
15,7
18,5
17,6
28,8
18,7
15,1
28,7
18,1
15,6
28,5
